Y: 
 [1 1 1 1 1 1 1 1 1 1 1 1 1 1 1 1 1 1 1 1 1 1 1 1 1 2 2 2 2 2 2 2 2 2 2 2 2
 2 2 2 2 2 2 2 2 2 2 2 2 2 3 3 3 3 3 3 3 3 3 3 3 3 3 3 3 3 3 3 3 3 3 3 3 3
 3]
Final weights: 
 [[-3.76991784 -4.97313343  2.8655719 ]
 [-2.93109443  5.8183349   2.39159107]
 [-2.34302306 -0.31350085 -7.23082752]]
accuracy = 100.0%

Prediction of individual models: 
 [[0.1038285  0.63660711]
 [0.13621413 0.8716028 ]
 [0.08283972 0.66465639]
 [0.13658535 0.82819597]
 [0.16348086 1.        ]
 [0.17663166 0.87190935]
 [0.0767537  0.6769233 ]
 [0.05716059 0.89490927]
 [0.         0.73319078]
 [0.04647268 0.42822558]
 [0.06839957 0.91848453]
 [0.08240934 0.60884398]
 [0.05254155 0.67304119]
 [0.18738276 0.74865186]
 [0.08293518 0.70589697]
 [0.12460614 0.68665063]
 [0.06882996 0.73098131]
 [0.03475729 0.5486701 ]
 [0.19350223 0.67764266]
 [0.05452698 0.63916774]
 [0.0551127  0.77382412]
 [0.00525401 0.59748457]
 [0.17144949 0.78879609]
 [0.1341174  0.78310541]
 [0.12702775 0.70207567]
 [0.78302498 0.69966572]
 [0.66467153 0.65052493]
 [0.89833932 0.71773722]
 [0.78159176 0.67743884]
 [0.813792   0.81988919]
 [0.75984625 0.82163738]
 [0.7828763  0.63238233]
 [0.70751451 0.75602323]
 [0.55395489 0.8821804 ]
 [0.74756256 0.75171979]
 [0.75208439 0.81835665]
 [0.84772934 0.60701538]
 [0.8418807  0.66626717]
 [0.83669829 0.58655008]
 [0.8682767  0.82028722]
 [0.87726701 0.58785889]
 [0.9197325  0.67826949]
 [0.70129922 0.64823176]
 [0.91622351 0.65810461]
 [0.97346361 0.69839645]
 [0.95710506 0.46375114]
 [0.90368107 0.7763445 ]
 [1.         0.65624524]
 [0.81160671 0.89600959]
 [0.74190691 0.91985173]
 [0.37809009 0.        ]
 [0.40168659 0.06986912]
 [0.42417614 0.19559647]
 [0.47438153 0.15454903]
 [0.35049023 0.18678256]
 [0.35247928 0.25476784]
 [0.34642615 0.16388183]
 [0.29645105 0.08402421]
 [0.44792165 0.19568657]
 [0.47526599 0.1338436 ]
 [0.34026147 0.1362092 ]
 [0.37852838 0.26847336]
 [0.41812172 0.24486231]
 [0.36906724 0.12517904]
 [0.3872849  0.24991725]
 [0.35499864 0.19183872]
 [0.40768993 0.02072643]
 [0.34516705 0.07215274]
 [0.4765132  0.15685973]
 [0.34735954 0.25143509]
 [0.39452594 0.06566879]
 [0.54246013 0.22436791]
 [0.36788032 0.05532864]
 [0.51353868 0.07478098]
 [0.38712569 0.17266793]] 

Normalized Prediction of individual models:
 [[1.31574608e-02 1.21095816e-02]
 [1.11145089e-02 1.44387284e-02]
 [1.46750276e-02 1.08025205e-02]
 [1.10930110e-02 1.44678364e-02]
 [9.64011724e-03 1.67379282e-02]
 [8.99996444e-03 1.79719887e-02]
 [1.51464633e-02 1.04503234e-02]
 [1.67677243e-02 9.39187703e-03]
 [2.25344492e-02 6.87384940e-03]
 [1.77228242e-02 8.85999997e-03]
 [1.58179548e-02 9.98530631e-03]
 [1.47078856e-02 1.07772331e-02]
 [1.71741239e-02 9.15823915e-03]
 [8.50806299e-03 1.90468598e-02]
 [1.46677494e-02 1.08081372e-02]
 [1.18079357e-02 1.35570697e-02]
 [1.57826560e-02 1.00087547e-02]
 [1.88311554e-02 8.31124140e-03]
 [8.24007718e-03 1.96865686e-02]
 [1.69982665e-02 9.25795085e-03]
 [1.69467253e-02 9.28757194e-03]
 [2.19320927e-02 7.07413409e-03]
 [9.24703199e-03 1.74753789e-02]
 [1.12367112e-02 1.42753975e-02]
 [1.16598324e-02 1.37365042e-02]
 [3.70723374e-04 3.40130925e-01]
 [6.91833220e-04 2.11780380e-01]
 [2.01833625e-04 4.93019323e-01]
 [3.73535229e-04 3.38362399e-01]
 [3.15211181e-04 3.79106240e-01]
 [4.18909686e-04 3.12102981e-01]
 [3.71014094e-04 3.39947247e-01]
 [5.51987794e-04 2.53812053e-01]
 [1.23982926e-03 1.27449125e-01]
 [4.46934895e-04 2.97772926e-01]
 [4.36406774e-04 3.03004001e-01]
 [2.63566306e-04 4.23963397e-01]
 [2.71820832e-04 4.16120465e-01]
 [2.79350777e-04 4.09206120e-01]
 [2.36503461e-04 4.51796610e-01]
 [2.25553608e-04 4.64080952e-01]
 [1.80302346e-04 5.22445243e-01]
 [5.70371373e-04 2.47386937e-01]
 [1.83669614e-04 5.17623940e-01]
 [1.35815245e-04 5.95228385e-01]
 [1.48051490e-04 5.73359479e-01]
 [1.96227821e-04 5.00370225e-01]
 [1.18079384e-04 6.29879668e-01]
 [3.18864002e-04 3.76278780e-01]
 [4.60460896e-04 2.91304056e-01]
 [3.12868348e-03 5.25599006e-02]
 [2.76358228e-03 5.94172294e-02]
 [2.45523969e-03 6.67253759e-02]
 [1.88514847e-03 8.61369842e-02]
 [3.61715237e-03 4.54883816e-02]
 [3.57954014e-03 4.59661683e-02]
 [3.69523129e-03 4.45268214e-02]
 [4.80426438e-03 3.41838695e-02]
 [2.16685499e-03 7.53411040e-02]
 [1.87639164e-03 8.65210183e-02]
 [3.81688361e-03 4.31051720e-02]
 [3.12148220e-03 5.26801762e-02]
 [2.53470290e-03 6.46796340e-02]
 [3.28066901e-03 5.01407631e-02]
 [2.98102118e-03 5.51382820e-02]
 [3.53245889e-03 4.65781981e-02]
 [2.67768225e-03 6.12912580e-02]
 [3.71976005e-03 4.42328712e-02]
 [1.86411237e-03 8.70651883e-02]
 [3.67715177e-03 4.47459327e-02]
 [2.86964271e-03 5.72521523e-02]
 [1.31721662e-03 1.20576686e-01]
 [3.30120231e-03 4.98304923e-02]
 [1.53393906e-03 1.04687959e-01]
 [2.98351779e-03 5.50926419e-02]] 

Final Predicted Model Class
 0.6298796681312395


